117.28516 18.765625 14.074219 rouge
103.21094 18.765625 9.3828125 rouge
124.791405 79.75391 154.8164 violet
83.97617 56.296875 126.66797 violet
28.148438 23.457031 23.457031 noir
215.80469 220.4961 196.10078 blanc
107.90234 117.28516 121.97656 gris
56.296875 60.98828 70.37109 gris
192.34766 98.51953 91.48242 rose
210.64413 220.96524 51.13633 jaune
182.96484 84.44531 28.148438 orange
65.67969 140.74219 140.74219 turqouise
28.148438 60.98828 51.60547 vert
28.148438 37.53125 93.828125 bleu
